#Type=Line
#Heading=Link_3_Throughput
#XLabel=Time (ms)
#Num_Y=1
#YLabel=Throughput (Mbps)
0,0,
20.021200,0.027970,
20.074200,0.055793,
20.105360,0.081968,
20.345200,0.681045,
20.630200,0.697230,
40.254160,0.660603,
40.539160,0.668983,
60.254160,0.652702,
60.539160,0.658351,
80.254160,0.648739,
80.539160,0.652999,
100.254160,0.646357,
100.539160,0.649777,
120.254160,0.644768,
620.807258,0.144560,
621.092258,0.145344,
621.356698,0.164929,
621.479738,0.184540,
621.641698,0.185341,
621.764738,0.186154,
621.906138,0.205742,
622.029178,0.225327,
622.152218,0.244905,
622.191138,0.245738,
622.275258,0.265323,
622.314178,0.266155,
622.437218,0.266951,
622.455578,0.286555,
622.560258,0.287355,
622.578618,0.306956,
622.701658,0.326500,
622.740578,0.327327,
622.824698,0.346884,
622.863618,0.347710,
622.986658,0.348489,
623.005018,0.368074,
623.109698,0.368860,
623.128058,0.388440,
623.251098,0.407951,
623.290018,0.408773,
623.374138,0.428301,
623.413058,0.429122,
623.497178,0.448644,
623.536098,0.449462,
623.620218,0.468978,
623.659138,0.469795,
623.743258,0.489304,
623.782178,0.490120,
623.866298,0.509622,
623.905218,0.510437,
623.989338,0.529932,
624.028258,0.530745,
624.112378,0.550234,
624.151298,0.551046,
624.235418,0.570528,
624.274338,0.571339,
624.358458,0.590814,
624.397378,0.591623,
624.481498,0.611093,
624.520418,0.611900,
624.604538,0.631363,
624.643458,0.632169,
624.727578,0.651625,
624.766498,0.652429,
624.889538,0.653146,
625.012578,0.653862,
640.254160,0.657364,
640.539160,0.657896,
660.254160,0.656741,
660.539160,0.657257,
680.254160,0.656155,
680.539160,0.656656,
700.254160,0.655602,
700.539160,0.656089,
720.254160,0.655080,
720.539160,0.655554,
740.254160,0.654586,
740.539160,0.655047,
760.254160,0.654118,
760.539160,0.654567,
780.254160,0.653674,
780.539160,0.654112,
800.254160,0.653252,
800.539160,0.653679,
820.254160,0.652851,
820.539160,0.653268,
840.254160,0.652469,
840.539160,0.652876,
860.254160,0.652105,
860.539160,0.652503,
880.254160,0.651757,
880.539160,0.652146,
900.254160,0.651425,
900.539160,0.651805,
920.254160,0.651107,
920.539160,0.651479,
940.254160,0.650803,
940.539160,0.651167,
960.254160,0.650511,
960.539160,0.650868,
980.254160,0.650231,
980.539160,0.650581,
1000.254160,0.649963,
1000.539160,0.650305,
1020.254160,0.649705,
1020.539160,0.650041,
1040.254160,0.649457,
1040.539160,0.649786,
1060.254160,0.649218,
1060.539160,0.649541,
1080.254160,0.648988,
1080.539160,0.649305,
1100.254160,0.648766,
1100.539160,0.649078,
1120.254160,0.648553,
1120.539160,0.648859,
1140.254160,0.648347,
1140.539160,0.648648,
1160.254160,0.648148,
1160.539160,0.648443,
1180.254160,0.647955,
1180.539160,0.648246,
1200.254160,0.647769,
1200.539160,0.648055,
1220.254160,0.647590,
1220.539160,0.647871,
1240.254160,0.647416,
1240.539160,0.647693,
1260.254160,0.647247,
1260.539160,0.647520,
1280.254160,0.647084,
1280.539160,0.647352,
1300.254160,0.646926,
1300.539160,0.647190,
1320.254160,0.646772,
1320.539160,0.647033,
1340.254160,0.646624,
1340.539160,0.646880,
1360.254160,0.646479,
1360.539160,0.646732,
1380.254160,0.646339,
1380.539160,0.646588,
1400.254160,0.646203,
1400.539160,0.646448,
1420.254160,0.646070,
1420.539160,0.646312,
1440.254160,0.645942,
1440.539160,0.646180,
1460.254160,0.645816,
1460.539160,0.646052,
1480.254160,0.645695,
1480.539160,0.645927,
1500.254160,0.645576,
1500.539160,0.645805,
1520.254160,0.645460,
1520.539160,0.645687,
1540.254160,0.645348,
1540.539160,0.645571,
1560.254160,0.645238,
1560.539160,0.645459,
1580.254160,0.645132,
1580.539160,0.645349,
1600.254160,0.645028,
1600.539160,0.645243,
1620.254160,0.644926,
1620.539160,0.645138,
1640.254160,0.644827,
1640.539160,0.645037,
1660.254160,0.644730,
1660.539160,0.644938,
1680.254160,0.644636,
1680.539160,0.644841,
1700.254160,0.644544,
1700.539160,0.644746,
1720.254160,0.644454,
1720.539160,0.644654,
1740.254160,0.644366,
1740.539160,0.644563,
1760.254160,0.644280,
1760.539160,0.644475,
1780.254160,0.644196,
1780.539160,0.644389,
1800.254160,0.644113,
1800.539160,0.644305,
1820.254160,0.644033,
1820.539160,0.644222,
1840.254160,0.643955,
1840.539160,0.644142,
1860.254160,0.643878,
1860.539160,0.644063,
1880.254160,0.643802,
1880.539160,0.643986,
1900.254160,0.643729,
1900.539160,0.643910,
1920.254160,0.643656,
1920.539160,0.643836,
1940.254160,0.643586,
1940.539160,0.643763,
1960.254160,0.643517,
1960.539160,0.643692,
1980.254160,0.643449,
1980.539160,0.643623,
2000.254160,0.643382,
2000.539160,0.643555,
2020.254160,0.643317,
2020.539160,0.643488,
2040.254160,0.643253,
2040.539160,0.643422,
2060.254160,0.643191,
2060.539160,0.643358,
2080.254160,0.643129,
2080.539160,0.643295,
2100.254160,0.643069,
2100.539160,0.643233,
2120.254160,0.643010,
2120.539160,0.643172,
2140.254160,0.642952,
2140.539160,0.643113,
2160.254160,0.642895,
2160.539160,0.643054,
2180.254160,0.642839,
2180.539160,0.642997,
2200.254160,0.642784,
2200.539160,0.642941,
2220.254160,0.642730,
2220.539160,0.642885,
2240.254160,0.642677,
2240.539160,0.642831,
2260.254160,0.642625,
2260.539160,0.642778,
2280.254160,0.642574,
2280.539160,0.642725,
2300.254160,0.642524,
2300.539160,0.642674,
2320.254160,0.642474,
2320.539160,0.642623,
2340.254160,0.642426,
2340.539160,0.642573,
2360.254160,0.642378,
2360.539160,0.642524,
2380.254160,0.642331,
2380.539160,0.642476,
2400.254160,0.642285,
2400.539160,0.642429,
2420.254160,0.642240,
2420.539160,0.642383,
2440.254160,0.642195,
2440.539160,0.642337,
2460.254160,0.642152,
2460.539160,0.642292,
2480.254160,0.642108,
2480.539160,0.642247,
2500.254160,0.642066,
2500.539160,0.642204,
2520.254160,0.642024,
2520.539160,0.642161,
2540.254160,0.641983,
2540.539160,0.642119,
2560.254160,0.641943,
2560.539160,0.642077,
2580.254160,0.641903,
2580.539160,0.642036,
2600.254160,0.641863,
2600.539160,0.641996,
2620.254160,0.641825,
2620.539160,0.641956,
2640.254160,0.641787,
2640.539160,0.641917,
2660.254160,0.641749,
2660.539160,0.641879,
2680.254160,0.641712,
2680.539160,0.641841,
2700.254160,0.641676,
2700.539160,0.641804,
2720.254160,0.641640,
3220.803600,0.545712,
3221.088600,0.545828,
3221.353040,0.549573,
3221.476080,0.553341,
3221.638040,0.553477,
3221.761080,0.553620,
3221.902480,0.557385,
3222.025520,0.561153,
3222.148560,0.564920,
3222.187480,0.565077,
3222.271600,0.568851,
3222.310520,0.569008,
3222.433560,0.569150,
3222.451920,0.572935,
3222.556600,0.573080,
3222.574960,0.576865,
3222.698000,0.580632,
3222.736920,0.580788,
3222.821040,0.584561,
3222.859960,0.584718,
3222.983000,0.584859,
3223.001360,0.588644,
3223.106040,0.588789,
3223.124400,0.592573,
3223.247440,0.596338,
3223.286360,0.596494,
3223.370480,0.600266,
3223.409400,0.600423,
3223.493520,0.604194,
3223.532440,0.604351,
3223.616560,0.608122,
3223.655480,0.608278,
3223.739600,0.612049,
3223.778520,0.612206,
3223.862640,0.615977,
3223.901560,0.616133,
3223.985680,0.619903,
3224.024600,0.620060,
3224.108720,0.623830,
3224.147640,0.623986,
3224.231760,0.627756,
3224.270680,0.627913,
3224.354800,0.631682,
3224.393720,0.631838,
3224.477840,0.635608,
3224.516760,0.635764,
3224.600880,0.639533,
3224.639800,0.639689,
3224.723920,0.643458,
3224.762840,0.643614,
3224.885880,0.643754,
3225.008920,0.643893,
3240.254160,0.644631,
3240.539160,0.644737,
3260.254160,0.644583,
3260.539160,0.644688,
3280.254160,0.644535,
3280.539160,0.644640,
3300.254160,0.644489,
3300.539160,0.644593,
3320.254160,0.644442,
3320.539160,0.644546,
3340.254160,0.644396,
3340.539160,0.644500,
3360.254160,0.644351,
3360.539160,0.644454,
3380.254160,0.644307,
3380.539160,0.644408,
3400.254160,0.644262,
3400.539160,0.644364,
3420.254160,0.644219,
3420.539160,0.644319,
3440.254160,0.644176,
3440.539160,0.644276,
3460.254160,0.644133,
3460.539160,0.644233,
3480.254160,0.644091,
3480.539160,0.644190,
3500.254160,0.644049,
3500.539160,0.644148,
3520.254160,0.644008,
3520.539160,0.644106,
3540.254160,0.643967,
3540.539160,0.644065,
3560.254160,0.643927,
3560.539160,0.644024,
3580.254160,0.643887,
3580.539160,0.643983,
3600.254160,0.643848,
3600.539160,0.643944,
3620.254160,0.643809,
3620.539160,0.643904,
3640.254160,0.643770,
3640.539160,0.643865,
3660.254160,0.643732,
3660.539160,0.643826,
3680.254160,0.643695,
3680.539160,0.643788,
3700.254160,0.643657,
3700.539160,0.643751,
3720.254160,0.643621,
3720.539160,0.643713,
3740.254160,0.643584,
3740.539160,0.643676,
3760.254160,0.643548,
3760.539160,0.643640,
3780.254160,0.643512,
3780.539160,0.643603,
3800.254160,0.643477,
3800.539160,0.643568,
3820.254160,0.643442,
3820.539160,0.643532,
3840.254160,0.643407,
3840.539160,0.643497,
3860.254160,0.643373,
3860.539160,0.643462,
3880.254160,0.643339,
3880.539160,0.643428,
3900.254160,0.643306,
3900.539160,0.643394,
3920.254160,0.643273,
3920.539160,0.643360,
3940.254160,0.643240,
3940.539160,0.643327,
3960.254160,0.643207,
3960.539160,0.643294,
3980.254160,0.643175,
3980.539160,0.643262,
4000.254160,0.643143,
4000.539160,0.643229,
4020.254160,0.643112,
4020.539160,0.643197,
4040.254160,0.643080,
4040.539160,0.643166,
4060.254160,0.643049,
4060.539160,0.643134,
4080.254160,0.643019,
4080.539160,0.643103,
4100.254160,0.642988,
4100.539160,0.643073,
4120.254160,0.642958,
4120.539160,0.643042,
4140.254160,0.642929,
4140.539160,0.643012,
4160.254160,0.642899,
4160.539160,0.642982,
4180.254160,0.642870,
4180.539160,0.642952,
4200.254160,0.642841,
4200.539160,0.642923,
4220.254160,0.642812,
4220.539160,0.642894,
4240.254160,0.642784,
4240.539160,0.642865,
4260.254160,0.642756,
4260.539160,0.642837,
4280.254160,0.642728,
4280.539160,0.642809,
4300.254160,0.642701,
4300.539160,0.642781,
4320.254160,0.642673,
4320.539160,0.642753,
4340.254160,0.642646,
4340.539160,0.642726,
4360.254160,0.642619,
4360.539160,0.642699,
4380.254160,0.642593,
4380.539160,0.642672,
4400.254160,0.642567,
4400.539160,0.642645,
4420.254160,0.642540,
4420.539160,0.642618,
4440.254160,0.642515,
4440.539160,0.642592,
4460.254160,0.642489,
4460.539160,0.642566,
4480.254160,0.642464,
4480.539160,0.642541,
4500.254160,0.642438,
4500.539160,0.642515,
4520.254160,0.642413,
4520.539160,0.642490,
4540.254160,0.642389,
4540.539160,0.642465,
4560.254160,0.642364,
4560.539160,0.642440,
4580.254160,0.642340,
4580.539160,0.642415,
4600.254160,0.642316,
4600.539160,0.642391,
4620.254160,0.642292,
4620.539160,0.642367,
4640.254160,0.642268,
4640.539160,0.642343,
4660.254160,0.642245,
4660.539160,0.642319,
4680.254160,0.642222,
4680.539160,0.642295,
4700.254160,0.642198,
4700.539160,0.642272,
4720.254160,0.642176,
4720.539160,0.642249,
4740.254160,0.642153,
4740.539160,0.642226,
4760.254160,0.642130,
4760.539160,0.642203,
4780.254160,0.642108,
4780.539160,0.642180,
4800.254160,0.642086,
4800.539160,0.642158,
4820.254160,0.642064,
4820.539160,0.642136,
4840.254160,0.642042,
4840.539160,0.642114,
4860.254160,0.642021,
4860.539160,0.642092,
4880.254160,0.641999,
4880.539160,0.642070,
4900.254160,0.641978,
4900.539160,0.642049,
4920.254160,0.641957,
4920.539160,0.642027,
4940.254160,0.641936,
4940.539160,0.642006,
4960.254160,0.641915,
4960.539160,0.641985,
4980.254160,0.641895,
4980.539160,0.641964,
5000.254160,0.641875,
5000.539160,0.641944,
5020.254160,0.641854,
5020.539160,0.641923,
5040.254160,0.641834,
5040.539160,0.641903,
5060.254160,0.641814,
5060.539160,0.641883,
5080.254160,0.641795,
5080.539160,0.641863,
5100.254160,0.641775,
5100.539160,0.641843,
5120.254160,0.641756,
5120.539160,0.641823,
5140.254160,0.641736,
5140.539160,0.641803,
5160.254160,0.641717,
5160.539160,0.641784,
5180.254160,0.641698,
5180.539160,0.641765,
5200.254160,0.641679,
5200.539160,0.641746,
5220.254160,0.641661,
5220.539160,0.641727,
5240.254160,0.641642,
5240.539160,0.641708,
5260.254160,0.641624,
5260.539160,0.641689,
5280.254160,0.641605,
5280.539160,0.641671,
5300.254160,0.641587,
5300.539160,0.641652,
5320.254160,0.641569,
5320.539160,0.641634,
5340.254160,0.641551,
5340.539160,0.641616,
5360.254160,0.641534,
5360.539160,0.641598,
5380.254160,0.641516,
5380.539160,0.641580,
5400.254160,0.641499,
5400.539160,0.641563,
5420.254160,0.641481,
5420.539160,0.641545,
5440.254160,0.641464,
5440.539160,0.641528,
5460.254160,0.641447,
5460.539160,0.641510,
5480.254160,0.641430,
5480.539160,0.641493,
5500.254160,0.641413,
5500.539160,0.641476,
5520.254160,0.641397,
5520.539160,0.641459,
5540.254160,0.641380,
5540.539160,0.641442,
5560.254160,0.641363,
5560.539160,0.641426,
5580.254160,0.641347,
5580.539160,0.641409,
5600.254160,0.641331,
5600.539160,0.641393,
5620.254160,0.641315,
5620.539160,0.641376,
5640.254160,0.641299,
5640.539160,0.641360,
5660.254160,0.641283,
5660.539160,0.641344,
5680.254160,0.641267,
5680.539160,0.641328,
5700.254160,0.641251,
5700.539160,0.641312,
5720.254160,0.641236,
5720.539160,0.641296,
5740.254160,0.641220,
5740.539160,0.641281,
5760.254160,0.641205,
5760.539160,0.641265,
5780.254160,0.641190,
5780.539160,0.641250,
5800.254160,0.641175,
5800.539160,0.641234,
5820.254160,0.641160,
5820.539160,0.641219,
5840.254160,0.641145,
5840.539160,0.641204,
5860.254160,0.641130,
5860.539160,0.641189,
5880.254160,0.641115,
5880.539160,0.641174,
5900.254160,0.641101,
5900.539160,0.641159,
5920.254160,0.641086,
5920.539160,0.641144,
5940.254160,0.641072,
5940.539160,0.641130,
5960.254160,0.641057,
5960.539160,0.641115,
5980.254160,0.641043,
5980.539160,0.641101,
6000.254160,0.641029,
6000.539160,0.641086,
6020.254160,0.641015,
6020.539160,0.641072,
6040.254160,0.641001,
6040.539160,0.641058,
6060.254160,0.640987,
6060.539160,0.641044,
6080.254160,0.640973,
6080.539160,0.641030,
6100.254160,0.640960,
6100.539160,0.641016,
6120.254160,0.640946,
6120.539160,0.641002,
6140.254160,0.640932,
6140.539160,0.640989,
6160.254160,0.640919,
6160.539160,0.640975,
6180.254160,0.640906,
6180.539160,0.640962,
6200.254160,0.640892,
6200.539160,0.640948,
6220.254160,0.640879,
6220.539160,0.640935,
6240.254160,0.640866,
6240.539160,0.640922,
6260.254160,0.640853,
6260.539160,0.640908,
6280.254160,0.640840,
6280.539160,0.640895,
6300.254160,0.640827,
6300.539160,0.640882,
6320.254160,0.640815,
6320.539160,0.640869,
6340.254160,0.640802,
6340.539160,0.640857,
6360.254160,0.640789,
6360.539160,0.640844,
6380.254160,0.640777,
6380.539160,0.640831,
6400.254160,0.640765,
6400.539160,0.640819,
6420.254160,0.640752,
6420.539160,0.640806,
6440.254160,0.640740,
6440.539160,0.640794,
6460.254160,0.640728,
6460.539160,0.640781,
6480.254160,0.640716,
6480.539160,0.640769,
6500.254160,0.640704,
6500.539160,0.640757,
6520.254160,0.640692,
6520.539160,0.640745,
6540.254160,0.640680,
6540.539160,0.640732,
6560.254160,0.640668,
6560.539160,0.640721,
6580.254160,0.640656,
6580.539160,0.640709,
6600.254160,0.640644,
6600.539160,0.640697,
6620.254160,0.640633,
6620.539160,0.640685,
6640.254160,0.640621,
6640.539160,0.640673,
6660.254160,0.640610,
6660.539160,0.640662,
6680.254160,0.640598,
6680.539160,0.640650,
6700.254160,0.640587,
6700.539160,0.640639,
6720.254160,0.640576,
6720.539160,0.640627,
6740.254160,0.640565,
6740.539160,0.640616,
6760.254160,0.640553,
6760.539160,0.640605,
6780.254160,0.640542,
6780.539160,0.640593,
6800.254160,0.640531,
6800.539160,0.640582,
6820.254160,0.640520,
6820.539160,0.640571,
6840.254160,0.640510,
6840.539160,0.640560,
6860.254160,0.640499,
6860.539160,0.640549,
6880.254160,0.640488,
6880.539160,0.640538,
6900.254160,0.640477,
6900.539160,0.640527,
6920.254160,0.640467,
6920.539160,0.640517,
6940.254160,0.640456,
6940.539160,0.640506,
6960.254160,0.640446,
6960.539160,0.640495,
6980.254160,0.640435,
6980.539160,0.640485,
7000.254160,0.640425,
7000.539160,0.640474,
7020.254160,0.640414,
7020.539160,0.640464,
7040.254160,0.640404,
7040.539160,0.640453,
7060.254160,0.640394,
7060.539160,0.640443,
7080.254160,0.640384,
7080.539160,0.640433,
7100.254160,0.640374,
7100.539160,0.640422,
7120.254160,0.640364,
7120.539160,0.640412,
7140.254160,0.640354,
7140.539160,0.640402,
7160.254160,0.640344,
7160.539160,0.640392,
7180.254160,0.640334,
7180.539160,0.640382,
7200.254160,0.640324,
7200.539160,0.640372,
7220.254160,0.640314,
7220.539160,0.640362,
7240.254160,0.640305,
7240.539160,0.640352,
7260.254160,0.640295,
7260.539160,0.640343,
7280.254160,0.640285,
7280.539160,0.640333,
7300.254160,0.640276,
7300.539160,0.640323,
7320.254160,0.640266,
7320.539160,0.640313,
7340.254160,0.640257,
7340.539160,0.640304,
7360.254160,0.640247,
7360.539160,0.640294,
7380.254160,0.640238,
7380.539160,0.640285,
7400.254160,0.640229,
7400.539160,0.640276,
7420.254160,0.640220,
7420.539160,0.640266,
7440.254160,0.640210,
7440.539160,0.640257,
7460.254160,0.640201,
7460.539160,0.640248,
7480.254160,0.640192,
7480.539160,0.640238,
7500.254160,0.640183,
7500.539160,0.640229,
7520.254160,0.640174,
7520.539160,0.640220,
7540.254160,0.640165,
7540.539160,0.640211,
7560.254160,0.640156,
7560.539160,0.640202,
7580.254160,0.640147,
7580.539160,0.640193,
7600.254160,0.640139,
7600.539160,0.640184,
7620.254160,0.640130,
7620.539160,0.640175,
7640.254160,0.640121,
7640.539160,0.640166,
7660.254160,0.640112,
7660.539160,0.640158,
7680.254160,0.640104,
7680.539160,0.640149,
7700.254160,0.640095,
7700.539160,0.640140,
7720.254160,0.640087,
7720.539160,0.640131,
7740.254160,0.640078,
7740.539160,0.640123,
7760.254160,0.640070,
7760.539160,0.640114,
7780.254160,0.640061,
7780.539160,0.640106,
7800.254160,0.640053,
7800.539160,0.640097,
7820.254160,0.640045,
7820.539160,0.640089,
7840.254160,0.640036,
7840.539160,0.640080,
7860.254160,0.640028,
7860.539160,0.640072,
7880.254160,0.640020,
7880.539160,0.640064,
7900.254160,0.640012,
7900.539160,0.640056,
7920.254160,0.640004,
7920.539160,0.640047,
7940.254160,0.639996,
7940.539160,0.640039,
7960.254160,0.639988,
7960.539160,0.640031,
7980.254160,0.639980,
7980.539160,0.640023,
8000.254160,0.639972,
8000.539160,0.640015,
8020.254160,0.639964,
8020.539160,0.640007,
8040.254160,0.639956,
8040.539160,0.639999,
8060.254160,0.639948,
8060.539160,0.639991,
8080.254160,0.639940,
8080.539160,0.639983,
8100.254160,0.639933,
8100.539160,0.639975,
8120.254160,0.639925,
8120.539160,0.639967,
8140.254160,0.639917,
8140.539160,0.639960,
8160.254160,0.639909,
8160.539160,0.639952,
8180.254160,0.639902,
8180.539160,0.639944,
8200.254160,0.639894,
8200.539160,0.639936,
8220.254160,0.639887,
8220.539160,0.639929,
8240.254160,0.639879,
8240.539160,0.639921,
8260.254160,0.639872,
8260.539160,0.639914,
8280.254160,0.639864,
8280.539160,0.639906,
8300.254160,0.639857,
8300.539160,0.639899,
8320.254160,0.639850,
8320.539160,0.639891,
8340.254160,0.639842,
8340.539160,0.639884,
8360.254160,0.639835,
8360.539160,0.639876,
8380.254160,0.639828,
8380.539160,0.639869,
8400.254160,0.639821,
8400.539160,0.639862,
8420.254160,0.639813,
8420.539160,0.639855,
8440.254160,0.639806,
8440.539160,0.639847,
8460.254160,0.639799,
8460.539160,0.639840,
8480.254160,0.639792,
8480.539160,0.639833,
8500.254160,0.639785,
8500.539160,0.639826,
8520.254160,0.639778,
8520.539160,0.639819,
8540.254160,0.639771,
8540.539160,0.639812,
8560.254160,0.639764,
8560.539160,0.639805,
8580.254160,0.639757,
8580.539160,0.639798,
8600.254160,0.639750,
8600.539160,0.639791,
8620.254160,0.639744,
8620.539160,0.639784,
8640.254160,0.639737,
8640.539160,0.639777,
8660.254160,0.639730,
8660.539160,0.639770,
8680.254160,0.639723,
8680.539160,0.639763,
8700.254160,0.639716,
8700.539160,0.639756,
8720.254160,0.639710,
8720.539160,0.639749,
8740.254160,0.639703,
8740.539160,0.639743,
8760.254160,0.639697,
8760.539160,0.639736,
8780.254160,0.639690,
8780.539160,0.639729,
8800.254160,0.639683,
8800.539160,0.639723,
8820.254160,0.639677,
8820.539160,0.639716,
8840.254160,0.639670,
8840.539160,0.639709,
8860.254160,0.639664,
8860.539160,0.639703,
8880.254160,0.639657,
8880.539160,0.639696,
8900.254160,0.639651,
8900.539160,0.639690,
8920.254160,0.639645,
8920.539160,0.639683,
8940.254160,0.639638,
8940.539160,0.639677,
8960.254160,0.639632,
8960.539160,0.639670,
8980.254160,0.639626,
8980.539160,0.639664,
9000.254160,0.639619,
9000.539160,0.639658,
9020.254160,0.639613,
9020.539160,0.639651,
9040.254160,0.639607,
9040.539160,0.639645,
9060.254160,0.639601,
9060.539160,0.639639,
9080.254160,0.639594,
9080.539160,0.639633,
9100.254160,0.639588,
9100.539160,0.639626,
9120.254160,0.639582,
9120.539160,0.639620,
9140.254160,0.639576,
9140.539160,0.639614,
9160.254160,0.639570,
9160.539160,0.639608,
9180.254160,0.639564,
9180.539160,0.639602,
9200.254160,0.639558,
9200.539160,0.639596,
9220.254160,0.639552,
9220.539160,0.639589,
9240.254160,0.639546,
9240.539160,0.639583,
9260.254160,0.639540,
9260.539160,0.639577,
9280.254160,0.639534,
9280.539160,0.639571,
9300.254160,0.639528,
9300.539160,0.639566,
9320.254160,0.639522,
9320.539160,0.639560,
9340.254160,0.639517,
9340.539160,0.639554,
9360.254160,0.639511,
9360.539160,0.639548,
9380.254160,0.639505,
9380.539160,0.639542,
9400.254160,0.639499,
9400.539160,0.639536,
9420.254160,0.639494,
9420.539160,0.639530,
9440.254160,0.639488,
9440.539160,0.639524,
9460.254160,0.639482,
9460.539160,0.639519,
9480.254160,0.639477,
9480.539160,0.639513,
9500.254160,0.639471,
9500.539160,0.639507,
9520.254160,0.639465,
9520.539160,0.639502,
9540.254160,0.639460,
9540.539160,0.639496,
9560.254160,0.639454,
9560.539160,0.639490,
9580.254160,0.639449,
9580.539160,0.639485,
9600.254160,0.639443,
9600.539160,0.639479,
9620.254160,0.639438,
9620.539160,0.639474,
9640.254160,0.639432,
9640.539160,0.639468,
9660.254160,0.639427,
9660.539160,0.639462,
9680.254160,0.639421,
9680.539160,0.639457,
9700.254160,0.639416,
9700.539160,0.639451,
9720.254160,0.639410,
9720.539160,0.639446,
9740.254160,0.639405,
9740.539160,0.639441,
9760.254160,0.639400,
9760.539160,0.639435,
9780.254160,0.639394,
9780.539160,0.639430,
9800.254160,0.639389,
9800.539160,0.639424,
9820.254160,0.639384,
9820.539160,0.639419,
9840.254160,0.639379,
9840.539160,0.639414,
9860.254160,0.639373,
9860.539160,0.639408,
9880.254160,0.639368,
9880.539160,0.639403,
9900.254160,0.639363,
9900.539160,0.639398,
9920.254160,0.639358,
9920.539160,0.639393,
9940.254160,0.639353,
9940.539160,0.639387,
9960.254160,0.639348,
9960.539160,0.639382,
9980.254160,0.639342,
9980.539160,0.639377,
