#Type=Line
#Heading=APP1_CBR_Throughput
#XLabel=Time (ms)
#Num_Y=1
#YLabel=Throughput (Mbps)
0,0,
20.599360,0.567008,
40.508320,0.576672,
60.508320,0.579094,
80.508320,0.580313,
100.508320,0.581046,
120.508320,0.581537,
621.610858,0.131529,
621.733898,0.150289,
622.160298,0.168960,
622.283338,0.187696,
622.406378,0.206425,
622.529418,0.225146,
622.709738,0.243838,
622.832778,0.262542,
622.955818,0.281240,
623.078858,0.299930,
623.259178,0.318583,
623.382218,0.337257,
623.505258,0.355923,
623.628298,0.374582,
623.751338,0.393234,
623.874378,0.411878,
623.997418,0.430515,
624.120458,0.449144,
624.243498,0.467766,
624.366538,0.486381,
624.489578,0.504988,
624.612618,0.523589,
624.735658,0.542181,
624.858698,0.560767,
624.981738,0.579345,
640.508320,0.583537,
660.508320,0.583551,
680.508320,0.583564,
700.508320,0.583576,
720.508320,0.583588,
740.508320,0.583599,
760.508320,0.583610,
780.508320,0.583620,
800.508320,0.583629,
820.508320,0.583638,
840.508320,0.583647,
860.508320,0.583655,
880.508320,0.583663,
900.508320,0.583670,
920.508320,0.583678,
940.508320,0.583684,
960.508320,0.583691,
980.508320,0.583697,
1000.508320,0.583703,
1020.508320,0.583709,
1040.508320,0.583715,
1060.508320,0.583720,
1080.508320,0.583725,
1100.508320,0.583730,
1120.508320,0.583735,
1140.508320,0.583740,
1160.508320,0.583744,
1180.508320,0.583749,
1200.508320,0.583753,
1220.508320,0.583757,
1240.508320,0.583761,
1260.508320,0.583764,
1280.508320,0.583768,
1300.508320,0.583772,
1320.508320,0.583775,
1340.508320,0.583779,
1360.508320,0.583782,
1380.508320,0.583785,
1400.508320,0.583788,
1420.508320,0.583791,
1440.508320,0.583794,
1460.508320,0.583797,
1480.508320,0.583799,
1500.508320,0.583802,
1520.508320,0.583805,
1540.508320,0.583807,
1560.508320,0.583810,
1580.508320,0.583812,
1600.508320,0.583815,
1620.508320,0.583817,
1640.508320,0.583819,
1660.508320,0.583821,
1680.508320,0.583823,
1700.508320,0.583825,
1720.508320,0.583827,
1740.508320,0.583829,
1760.508320,0.583831,
1780.508320,0.583833,
1800.508320,0.583835,
1820.508320,0.583837,
1840.508320,0.583839,
1860.508320,0.583840,
1880.508320,0.583842,
1900.508320,0.583844,
1920.508320,0.583845,
1940.508320,0.583847,
1960.508320,0.583849,
1980.508320,0.583850,
2000.508320,0.583852,
2020.508320,0.583853,
2040.508320,0.583855,
2060.508320,0.583856,
2080.508320,0.583857,
2100.508320,0.583859,
2120.508320,0.583860,
2140.508320,0.583861,
2160.508320,0.583863,
2180.508320,0.583864,
2200.508320,0.583865,
2220.508320,0.583866,
2240.508320,0.583868,
2260.508320,0.583869,
2280.508320,0.583870,
2300.508320,0.583871,
2320.508320,0.583872,
2340.508320,0.583873,
2360.508320,0.583874,
2380.508320,0.583875,
2400.508320,0.583876,
2420.508320,0.583877,
2440.508320,0.583878,
2460.508320,0.583879,
2480.508320,0.583880,
2500.508320,0.583881,
2520.508320,0.583882,
2540.508320,0.583883,
2560.508320,0.583884,
2580.508320,0.583885,
2600.508320,0.583886,
2620.508320,0.583887,
2640.508320,0.583888,
2660.508320,0.583888,
2680.508320,0.583889,
2700.508320,0.583890,
3221.057760,0.493155,
3221.607200,0.496696,
3221.730240,0.500303,
3222.156640,0.503861,
3222.279680,0.507467,
3222.402720,0.511072,
3222.525760,0.514677,
3222.706080,0.518273,
3222.829120,0.521877,
3222.952160,0.525481,
3223.075200,0.529085,
3223.255520,0.532679,
3223.378560,0.536282,
3223.501600,0.539885,
3223.624640,0.543488,
3223.747680,0.547090,
3223.870720,0.550692,
3223.993760,0.554294,
3224.116800,0.557895,
3224.239840,0.561497,
3224.362880,0.565098,
3224.485920,0.568698,
3224.608960,0.572299,
3224.732000,0.575899,
3224.855040,0.579499,
3224.978080,0.583099,
3240.508320,0.583908,
3260.508320,0.583909,
3280.508320,0.583910,
3300.508320,0.583910,
3320.508320,0.583911,
3340.508320,0.583911,
3360.508320,0.583912,
3380.508320,0.583912,
3400.508320,0.583913,
3420.508320,0.583913,
3440.508320,0.583914,
3460.508320,0.583914,
3480.508320,0.583915,
3500.508320,0.583915,
3520.508320,0.583916,
3540.508320,0.583916,
3560.508320,0.583917,
3580.508320,0.583917,
3600.508320,0.583918,
3620.508320,0.583918,
3640.508320,0.583918,
3660.508320,0.583919,
3680.508320,0.583919,
3700.508320,0.583920,
3720.508320,0.583920,
3740.508320,0.583921,
3760.508320,0.583921,
3780.508320,0.583921,
3800.508320,0.583922,
3820.508320,0.583922,
3840.508320,0.583923,
3860.508320,0.583923,
3880.508320,0.583924,
3900.508320,0.583924,
3920.508320,0.583924,
3940.508320,0.583925,
3960.508320,0.583925,
3980.508320,0.583925,
4000.508320,0.583926,
4020.508320,0.583926,
4040.508320,0.583927,
4060.508320,0.583927,
4080.508320,0.583927,
4100.508320,0.583928,
4120.508320,0.583928,
4140.508320,0.583928,
4160.508320,0.583929,
4180.508320,0.583929,
4200.508320,0.583929,
4220.508320,0.583930,
4240.508320,0.583930,
4260.508320,0.583930,
4280.508320,0.583931,
4300.508320,0.583931,
4320.508320,0.583931,
4340.508320,0.583932,
4360.508320,0.583932,
4380.508320,0.583932,
4400.508320,0.583933,
4420.508320,0.583933,
4440.508320,0.583933,
4460.508320,0.583933,
4480.508320,0.583934,
4500.508320,0.583934,
4520.508320,0.583934,
4540.508320,0.583935,
4560.508320,0.583935,
4580.508320,0.583935,
4600.508320,0.583935,
4620.508320,0.583936,
4640.508320,0.583936,
4660.508320,0.583936,
4680.508320,0.583937,
4700.508320,0.583937,
4720.508320,0.583937,
4740.508320,0.583937,
4760.508320,0.583938,
4780.508320,0.583938,
4800.508320,0.583938,
4820.508320,0.583938,
4840.508320,0.583939,
4860.508320,0.583939,
4880.508320,0.583939,
4900.508320,0.583939,
4920.508320,0.583940,
4940.508320,0.583940,
4960.508320,0.583940,
4980.508320,0.583940,
5000.508320,0.583941,
5020.508320,0.583941,
5040.508320,0.583941,
5060.508320,0.583941,
5080.508320,0.583942,
5100.508320,0.583942,
5120.508320,0.583942,
5140.508320,0.583942,
5160.508320,0.583942,
5180.508320,0.583943,
5200.508320,0.583943,
5220.508320,0.583943,
5240.508320,0.583943,
5260.508320,0.583944,
5280.508320,0.583944,
5300.508320,0.583944,
5320.508320,0.583944,
5340.508320,0.583944,
5360.508320,0.583945,
5380.508320,0.583945,
5400.508320,0.583945,
5420.508320,0.583945,
5440.508320,0.583945,
5460.508320,0.583946,
5480.508320,0.583946,
5500.508320,0.583946,
5520.508320,0.583946,
5540.508320,0.583946,
5560.508320,0.583947,
5580.508320,0.583947,
5600.508320,0.583947,
5620.508320,0.583947,
5640.508320,0.583947,
5660.508320,0.583948,
5680.508320,0.583948,
5700.508320,0.583948,
5720.508320,0.583948,
5740.508320,0.583948,
5760.508320,0.583948,
5780.508320,0.583949,
5800.508320,0.583949,
5820.508320,0.583949,
5840.508320,0.583949,
5860.508320,0.583949,
5880.508320,0.583950,
5900.508320,0.583950,
5920.508320,0.583950,
5940.508320,0.583950,
5960.508320,0.583950,
5980.508320,0.583950,
6000.508320,0.583951,
6020.508320,0.583951,
6040.508320,0.583951,
6060.508320,0.583951,
6080.508320,0.583951,
6100.508320,0.583951,
6120.508320,0.583951,
6140.508320,0.583952,
6160.508320,0.583952,
6180.508320,0.583952,
6200.508320,0.583952,
6220.508320,0.583952,
6240.508320,0.583952,
6260.508320,0.583953,
6280.508320,0.583953,
6300.508320,0.583953,
6320.508320,0.583953,
6340.508320,0.583953,
6360.508320,0.583953,
6380.508320,0.583953,
6400.508320,0.583954,
6420.508320,0.583954,
6440.508320,0.583954,
6460.508320,0.583954,
6480.508320,0.583954,
6500.508320,0.583954,
6520.508320,0.583954,
6540.508320,0.583955,
6560.508320,0.583955,
6580.508320,0.583955,
6600.508320,0.583955,
6620.508320,0.583955,
6640.508320,0.583955,
6660.508320,0.583955,
6680.508320,0.583956,
6700.508320,0.583956,
6720.508320,0.583956,
6740.508320,0.583956,
6760.508320,0.583956,
6780.508320,0.583956,
6800.508320,0.583956,
6820.508320,0.583956,
6840.508320,0.583957,
6860.508320,0.583957,
6880.508320,0.583957,
6900.508320,0.583957,
6920.508320,0.583957,
6940.508320,0.583957,
6960.508320,0.583957,
6980.508320,0.583957,
7000.508320,0.583958,
7020.508320,0.583958,
7040.508320,0.583958,
7060.508320,0.583958,
7080.508320,0.583958,
7100.508320,0.583958,
7120.508320,0.583958,
7140.508320,0.583958,
7160.508320,0.583959,
7180.508320,0.583959,
7200.508320,0.583959,
7220.508320,0.583959,
7240.508320,0.583959,
7260.508320,0.583959,
7280.508320,0.583959,
7300.508320,0.583959,
7320.508320,0.583959,
7340.508320,0.583960,
7360.508320,0.583960,
7380.508320,0.583960,
7400.508320,0.583960,
7420.508320,0.583960,
7440.508320,0.583960,
7460.508320,0.583960,
7480.508320,0.583960,
7500.508320,0.583960,
7520.508320,0.583961,
7540.508320,0.583961,
7560.508320,0.583961,
7580.508320,0.583961,
7600.508320,0.583961,
7620.508320,0.583961,
7640.508320,0.583961,
7660.508320,0.583961,
7680.508320,0.583961,
7700.508320,0.583961,
7720.508320,0.583962,
7740.508320,0.583962,
7760.508320,0.583962,
7780.508320,0.583962,
7800.508320,0.583962,
7820.508320,0.583962,
7840.508320,0.583962,
7860.508320,0.583962,
7880.508320,0.583962,
7900.508320,0.583962,
7920.508320,0.583963,
7940.508320,0.583963,
7960.508320,0.583963,
7980.508320,0.583963,
8000.508320,0.583963,
8020.508320,0.583963,
8040.508320,0.583963,
8060.508320,0.583963,
8080.508320,0.583963,
8100.508320,0.583963,
8120.508320,0.583963,
8140.508320,0.583964,
8160.508320,0.583964,
8180.508320,0.583964,
8200.508320,0.583964,
8220.508320,0.583964,
8240.508320,0.583964,
8260.508320,0.583964,
8280.508320,0.583964,
8300.508320,0.583964,
8320.508320,0.583964,
8340.508320,0.583964,
8360.508320,0.583964,
8380.508320,0.583965,
8400.508320,0.583965,
8420.508320,0.583965,
8440.508320,0.583965,
8460.508320,0.583965,
8480.508320,0.583965,
8500.508320,0.583965,
8520.508320,0.583965,
8540.508320,0.583965,
8560.508320,0.583965,
8580.508320,0.583965,
8600.508320,0.583965,
8620.508320,0.583966,
8640.508320,0.583966,
8660.508320,0.583966,
8680.508320,0.583966,
8700.508320,0.583966,
8720.508320,0.583966,
8740.508320,0.583966,
8760.508320,0.583966,
8780.508320,0.583966,
8800.508320,0.583966,
8820.508320,0.583966,
8840.508320,0.583966,
8860.508320,0.583966,
8880.508320,0.583967,
8900.508320,0.583967,
8920.508320,0.583967,
8940.508320,0.583967,
8960.508320,0.583967,
8980.508320,0.583967,
9000.508320,0.583967,
9020.508320,0.583967,
9040.508320,0.583967,
9060.508320,0.583967,
9080.508320,0.583967,
9100.508320,0.583967,
9120.508320,0.583967,
9140.508320,0.583968,
9160.508320,0.583968,
9180.508320,0.583968,
9200.508320,0.583968,
9220.508320,0.583968,
9240.508320,0.583968,
9260.508320,0.583968,
9280.508320,0.583968,
9300.508320,0.583968,
9320.508320,0.583968,
9340.508320,0.583968,
9360.508320,0.583968,
9380.508320,0.583968,
9400.508320,0.583968,
9420.508320,0.583968,
9440.508320,0.583969,
9460.508320,0.583969,
9480.508320,0.583969,
9500.508320,0.583969,
9520.508320,0.583969,
9540.508320,0.583969,
9560.508320,0.583969,
9580.508320,0.583969,
9600.508320,0.583969,
9620.508320,0.583969,
9640.508320,0.583969,
9660.508320,0.583969,
9680.508320,0.583969,
9700.508320,0.583969,
9720.508320,0.583969,
9740.508320,0.583970,
9760.508320,0.583970,
9780.508320,0.583970,
9800.508320,0.583970,
9820.508320,0.583970,
9840.508320,0.583970,
9860.508320,0.583970,
9880.508320,0.583970,
9900.508320,0.583970,
9920.508320,0.583970,
9940.508320,0.583970,
9960.508320,0.583970,
9980.508320,0.583970,
